,iso_code,location,date,total_cases,new_cases,total_deaths,new_deaths,total_cases_per_million,new_cases_per_million,total_deaths_per_million,new_deaths_per_million,total_tests,new_tests,total_tests_per_thousand,new_tests_per_thousand,tests_units
6449,ITA,Italy,2019-12-31,0,0,0,0,0.0,0.0,0.0,0.0,,,,,
6450,ITA,Italy,2020-01-01,0,0,0,0,0.0,0.0,0.0,0.0,,,,,
6451,ITA,Italy,2020-01-02,0,0,0,0,0.0,0.0,0.0,0.0,,,,,
6452,ITA,Italy,2020-01-03,0,0,0,0,0.0,0.0,0.0,0.0,,,,,
6453,ITA,Italy,2020-01-04,0,0,0,0,0.0,0.0,0.0,0.0,,,,,
6454,ITA,Italy,2020-01-05,0,0,0,0,0.0,0.0,0.0,0.0,,,,,
6455,ITA,Italy,2020-01-06,0,0,0,0,0.0,0.0,0.0,0.0,,,,,
6456,ITA,Italy,2020-01-07,0,0,0,0,0.0,0.0,0.0,0.0,,,,,
6457,ITA,Italy,2020-01-08,0,0,0,0,0.0,0.0,0.0,0.0,,,,,
6458,ITA,Italy,2020-01-09,0,0,0,0,0.0,0.0,0.0,0.0,,,,,
6459,ITA,Italy,2020-01-10,0,0,0,0,0.0,0.0,0.0,0.0,,,,,
6460,ITA,Italy,2020-01-11,0,0,0,0,0.0,0.0,0.0,0.0,,,,,
6461,ITA,Italy,2020-01-12,0,0,0,0,0.0,0.0,0.0,0.0,,,,,
6462,ITA,Italy,2020-01-13,0,0,0,0,0.0,0.0,0.0,0.0,,,,,
6463,ITA,Italy,2020-01-14,0,0,0,0,0.0,0.0,0.0,0.0,,,,,
6464,ITA,Italy,2020-01-15,0,0,0,0,0.0,0.0,0.0,0.0,,,,,
6465,ITA,Italy,2020-01-16,0,0,0,0,0.0,0.0,0.0,0.0,,,,,
6466,ITA,Italy,2020-01-17,0,0,0,0,0.0,0.0,0.0,0.0,,,,,
6467,ITA,Italy,2020-01-18,0,0,0,0,0.0,0.0,0.0,0.0,,,,,
6468,ITA,Italy,2020-01-19,0,0,0,0,0.0,0.0,0.0,0.0,,,,,
6469,ITA,Italy,2020-01-20,0,0,0,0,0.0,0.0,0.0,0.0,,,,,
6470,ITA,Italy,2020-01-21,0,0,0,0,0.0,0.0,0.0,0.0,,,,,
6471,ITA,Italy,2020-01-22,0,0,0,0,0.0,0.0,0.0,0.0,,,,,
6472,ITA,Italy,2020-01-23,0,0,0,0,0.0,0.0,0.0,0.0,,,,,
6473,ITA,Italy,2020-01-24,0,0,0,0,0.0,0.0,0.0,0.0,,,,,
6474,ITA,Italy,2020-01-25,0,0,0,0,0.0,0.0,0.0,0.0,,,,,
6475,ITA,Italy,2020-01-26,0,0,0,0,0.0,0.0,0.0,0.0,,,,,
6476,ITA,Italy,2020-01-27,0,0,0,0,0.0,0.0,0.0,0.0,,,,,
6477,ITA,Italy,2020-01-28,0,0,0,0,0.0,0.0,0.0,0.0,,,,,
6478,ITA,Italy,2020-01-29,0,0,0,0,0.0,0.0,0.0,0.0,,,,,
6479,ITA,Italy,2020-01-30,0,0,0,0,0.0,0.0,0.0,0.0,,,,,
6480,ITA,Italy,2020-01-31,3,3,0,0,0.05,0.05,0.0,0.0,,,,,
6481,ITA,Italy,2020-02-01,3,0,0,0,0.05,0.0,0.0,0.0,,,,,
6482,ITA,Italy,2020-02-02,3,0,0,0,0.05,0.0,0.0,0.0,,,,,
6483,ITA,Italy,2020-02-03,3,0,0,0,0.05,0.0,0.0,0.0,,,,,
6484,ITA,Italy,2020-02-04,3,0,0,0,0.05,0.0,0.0,0.0,,,,,
6485,ITA,Italy,2020-02-05,3,0,0,0,0.05,0.0,0.0,0.0,,,,,
6486,ITA,Italy,2020-02-06,3,0,0,0,0.05,0.0,0.0,0.0,,,,,
6487,ITA,Italy,2020-02-07,3,0,0,0,0.05,0.0,0.0,0.0,,,,,
6488,ITA,Italy,2020-02-08,3,0,0,0,0.05,0.0,0.0,0.0,,,,,
6489,ITA,Italy,2020-02-09,3,0,0,0,0.05,0.0,0.0,0.0,,,,,
6490,ITA,Italy,2020-02-10,3,0,0,0,0.05,0.0,0.0,0.0,,,,,
6491,ITA,Italy,2020-02-11,3,0,0,0,0.05,0.0,0.0,0.0,,,,,
6492,ITA,Italy,2020-02-12,3,0,0,0,0.05,0.0,0.0,0.0,,,,,
6493,ITA,Italy,2020-02-13,3,0,0,0,0.05,0.0,0.0,0.0,,,,,
6494,ITA,Italy,2020-02-14,3,0,0,0,0.05,0.0,0.0,0.0,,,,,
6495,ITA,Italy,2020-02-15,3,0,0,0,0.05,0.0,0.0,0.0,,,,,
6496,ITA,Italy,2020-02-16,3,0,0,0,0.05,0.0,0.0,0.0,,,,,
6497,ITA,Italy,2020-02-17,3,0,0,0,0.05,0.0,0.0,0.0,,,,,
6498,ITA,Italy,2020-02-18,3,0,0,0,0.05,0.0,0.0,0.0,,,,,
6499,ITA,Italy,2020-02-19,3,0,0,0,0.05,0.0,0.0,0.0,,,,,
6500,ITA,Italy,2020-02-20,3,0,0,0,0.05,0.0,0.0,0.0,,,,,
6501,ITA,Italy,2020-02-21,3,0,0,0,0.05,0.0,0.0,0.0,,,,,
6502,ITA,Italy,2020-02-22,17,14,0,0,0.281,0.23199999999999998,0.0,0.0,,,,,
6503,ITA,Italy,2020-02-23,79,62,2,2,1.307,1.025,0.033,0.033,,,,,
6504,ITA,Italy,2020-02-24,132,53,2,0,2.1830000000000003,0.877,0.033,0.0,4324.0,,0.073,,tests performed
6505,ITA,Italy,2020-02-25,229,97,6,4,3.7880000000000003,1.604,0.099,0.066,8623.0,4299.0,0.146,0.073,tests performed
6506,ITA,Italy,2020-02-26,322,93,11,5,5.3260000000000005,1.538,0.182,0.083,9587.0,964.0,0.162,0.016,tests performed
6507,ITA,Italy,2020-02-27,400,78,12,1,6.6160000000000005,1.29,0.198,0.017,12014.0,2427.0,0.203,0.040999999999999995,tests performed
6508,ITA,Italy,2020-02-28,650,250,17,5,10.751,4.135,0.281,0.083,15695.0,3681.0,0.265,0.062,tests performed
6509,ITA,Italy,2020-02-29,888,238,21,4,14.687000000000001,3.9360000000000004,0.34700000000000003,0.066,18661.0,2966.0,0.316,0.05,tests performed
6510,ITA,Italy,2020-03-01,1128,240,29,8,18.656,3.969,0.48,0.132,21127.0,2466.0,0.35700000000000004,0.042,tests performed
6511,ITA,Italy,2020-03-02,1689,561,35,6,27.935,9.279,0.579,0.099,23345.0,2218.0,0.395,0.038,tests performed
6512,ITA,Italy,2020-03-03,2036,347,52,17,33.674,5.739,0.86,0.281,25856.0,2511.0,0.43700000000000006,0.042,tests performed
6513,ITA,Italy,2020-03-04,2502,466,80,28,41.381,7.707000000000001,1.3230000000000002,0.46299999999999997,29837.0,3981.0,0.505,0.067,tests performed
6514,ITA,Italy,2020-03-05,3089,587,107,27,51.09,9.709,1.77,0.447,32362.0,2525.0,0.547,0.043,tests performed
6515,ITA,Italy,2020-03-06,3858,769,148,41,63.809,12.719000000000001,2.448,0.6779999999999999,36359.0,3997.0,0.615,0.068,tests performed
6516,ITA,Italy,2020-03-07,4636,778,197,49,76.676,12.868,3.258,0.81,42062.0,5703.0,0.711,0.096,tests performed
6517,ITA,Italy,2020-03-08,5883,1247,233,36,97.301,20.625,3.8539999999999996,0.595,49937.0,7875.0,0.8440000000000001,0.133,tests performed
6518,ITA,Italy,2020-03-09,7375,1492,366,133,121.978,24.677,6.053,2.2,53826.0,3889.0,0.91,0.066,tests performed
6519,ITA,Italy,2020-03-10,9172,1797,464,98,151.69899999999998,29.721,7.6739999999999995,1.621,60761.0,6935.0,1.028,0.11699999999999999,tests performed
6520,ITA,Italy,2020-03-11,10149,977,631,167,167.858,16.159000000000002,10.436,2.762,73154.0,12393.0,1.237,0.21,tests performed
6521,ITA,Italy,2020-03-12,12462,2313,827,196,206.114,38.256,13.677999999999999,3.242,86011.0,12857.0,1.455,0.217,tests performed
6522,ITA,Italy,2020-03-13,15113,2651,1016,189,249.959,43.846000000000004,16.804000000000002,3.1260000000000003,97488.0,11477.0,1.649,0.19399999999999998,tests performed
6523,ITA,Italy,2020-03-14,17660,2547,1268,252,292.085,42.126000000000005,20.971999999999998,4.168,109170.0,11682.0,1.8459999999999999,0.198,tests performed
6524,ITA,Italy,2020-03-15,21157,3497,1441,173,349.923,57.838,23.833000000000002,2.861,124899.0,15729.0,2.112,0.266,tests performed
6525,ITA,Italy,2020-03-16,23980,2823,1811,370,396.61400000000003,46.691,29.953000000000003,6.12,137962.0,13063.0,2.333,0.221,tests performed
6526,ITA,Italy,2020-03-17,27980,4000,2158,347,462.77099999999996,66.157,35.692,5.739,148657.0,10695.0,2.5140000000000002,0.18100000000000002,tests performed
6527,ITA,Italy,2020-03-18,31506,3526,2505,347,521.089,58.318000000000005,41.431000000000004,5.739,165541.0,16884.0,2.8,0.28600000000000003,tests performed
6528,ITA,Italy,2020-03-19,35713,4207,2978,473,590.67,69.581,49.254,7.8229999999999995,182777.0,17236.0,3.091,0.29100000000000004,tests performed
6529,ITA,Italy,2020-03-20,41035,5322,3407,429,678.693,88.022,56.35,7.095,206886.0,24109.0,3.4989999999999997,0.408,tests performed
6530,ITA,Italy,2020-03-21,47021,5986,4032,625,777.697,99.005,66.687,10.337,233222.0,26336.0,3.944,0.445,tests performed
6531,ITA,Italy,2020-03-22,53578,6557,4827,795,886.1460000000001,108.449,79.835,13.149000000000001,258402.0,25180.0,4.37,0.426,tests performed
6532,ITA,Italy,2020-03-23,59138,5560,5476,649,978.105,91.959,90.57,10.734000000000002,275468.0,17066.0,4.659,0.289,tests performed
6533,ITA,Italy,2020-03-24,63927,4789,6077,601,1057.312,79.207,100.51,9.94,296964.0,21496.0,5.022,0.364,tests performed
6534,ITA,Italy,2020-03-25,69176,5249,6820,743,1144.127,86.815,112.79799999999999,12.289000000000001,324445.0,27481.0,5.487,0.465,tests performed
6535,ITA,Italy,2020-03-26,74386,5210,7505,685,1230.297,86.17,124.12799999999999,11.329,361060.0,36615.0,6.106,0.619,tests performed
6536,ITA,Italy,2020-03-27,80539,6153,8165,660,1332.0639999999999,101.76700000000001,135.04399999999998,10.915999999999999,394079.0,33019.0,6.664,0.5579999999999999,tests performed
6537,ITA,Italy,2020-03-28,86498,5959,9136,971,1430.622,98.55799999999999,151.10399999999998,16.06,429526.0,35447.0,7.263999999999999,0.599,tests performed
6538,ITA,Italy,2020-03-29,92472,5974,10023,887,1529.4279999999999,98.806,165.774,14.67,454030.0,24504.0,7.678,0.414,tests performed
6539,ITA,Italy,2020-03-30,97689,5217,10781,758,1615.714,86.286,178.31099999999998,12.537,477359.0,23329.0,8.073,0.395,tests performed
6540,ITA,Italy,2020-03-31,101739,4050,11591,810,1682.6979999999999,66.984,191.708,13.397,506968.0,29609.0,8.573,0.501,tests performed
6541,ITA,Italy,2020-04-01,105792,4053,12430,839,1749.7320000000002,67.03399999999999,205.584,13.877,541423.0,34455.0,9.156,0.583,tests performed
6542,ITA,Italy,2020-04-02,110574,4782,13157,727,1828.8229999999999,79.09100000000001,217.608,12.024000000000001,581232.0,39809.0,9.829,0.6729999999999999,tests performed
6543,ITA,Italy,2020-04-03,115242,4668,13917,760,1906.029,77.206,230.178,12.57,619849.0,38617.0,10.482000000000001,0.653,tests performed
6544,ITA,Italy,2020-04-04,119827,4585,14681,764,1981.862,75.833,242.81400000000002,12.636,657224.0,37375.0,11.115,0.632,tests performed
6545,ITA,Italy,2020-04-05,124632,4805,15362,681,2061.334,79.472,254.078,11.263,691461.0,34237.0,11.694,0.579,tests performed
6546,ITA,Italy,2020-04-06,128948,4316,15889,527,2132.718,71.384,262.79400000000004,8.716000000000001,721732.0,30271.0,12.205,0.512,tests performed
6547,ITA,Italy,2020-04-07,132547,3599,16525,636,2192.243,59.525,273.313,10.519,755445.0,33713.0,12.776,0.57,tests performed
6548,ITA,Italy,2020-04-08,135586,3039,17129,604,2242.506,50.263000000000005,283.303,9.99,807125.0,51680.0,13.65,0.8740000000000001,tests performed
6549,ITA,Italy,2020-04-09,139422,3836,17669,540,2305.951,63.445,292.23400000000004,8.931000000000001,853369.0,46244.0,14.432,0.782,tests performed
6550,ITA,Italy,2020-04-10,143626,4204,18281,612,2375.482,69.531,302.356,10.122,906864.0,53495.0,15.335999999999999,0.905,tests performed
6551,ITA,Italy,2020-04-11,147577,3951,18851,570,2440.8289999999997,65.347,311.783,9.427,963473.0,56609.0,16.294,0.9570000000000001,tests performed
6552,ITA,Italy,2020-04-12,152271,4694,19470,619,2518.465,77.63600000000001,322.02099999999996,10.238,1010193.0,46720.0,17.084,0.79,tests performed
6553,ITA,Italy,2020-04-13,156363,4092,19901,431,2586.144,67.679,329.15,7.127999999999999,1046910.0,36717.0,17.705,0.621,tests performed
6554,ITA,Italy,2020-04-14,159516,3153,20465,564,2638.2929999999997,52.148999999999994,338.478,9.328,1073689.0,26779.0,18.157,0.45299999999999996,tests performed
6555,ITA,Italy,2020-04-15,162488,2972,21069,604,2687.448,49.155,348.468,9.99,1117404.0,43715.0,18.897000000000002,0.7390000000000001,tests performed
6556,ITA,Italy,2020-04-16,165155,2667,21647,578,2731.558,44.11,358.028,9.56,1178403.0,60999.0,19.928,1.032,tests performed
6557,ITA,Italy,2020-04-17,168941,3786,22172,525,2794.176,62.618,366.711,8.683,1244108.0,65705.0,21.039,1.111,tests performed
6558,ITA,Italy,2020-04-18,172434,3493,22747,575,2851.948,57.772,376.221,9.51,1305833.0,61725.0,22.083000000000002,1.044,tests performed
6559,ITA,Italy,2020-04-19,175925,3491,23227,480,2909.687,57.739,384.16,7.939,1356541.0,50708.0,22.941,0.858,tests performed
6560,ITA,Italy,2020-04-20,178972,3047,23660,433,2960.083,50.395,391.32099999999997,7.162000000000001,1398024.0,41483.0,23.642,0.7020000000000001,tests performed
6561,ITA,Italy,2020-04-21,181228,2256,24114,454,2997.395,37.313,398.83,7.5089999999999995,1450150.0,52126.0,24.524,0.882,tests performed
6562,ITA,Italy,2020-04-22,183957,2729,24648,534,3042.531,45.136,407.662,8.832,1513251.0,63101.0,25.590999999999998,1.067,tests performed
6563,ITA,Italy,2020-04-23,187327,3370,25085,437,3098.2690000000002,55.738,414.89,7.228,1579909.0,66658.0,26.718000000000004,1.127,tests performed
6564,ITA,Italy,2020-04-24,189973,2646,25549,464,3142.032,43.763000000000005,422.564,7.6739999999999995,1642356.0,62447.0,27.774,1.056,tests performed
6565,ITA,Italy,2020-04-25,192994,3021,25969,420,3191.9970000000003,49.965,429.51099999999997,6.947,1707743.0,65387.0,28.88,1.1059999999999999,tests performed
6566,ITA,Italy,2020-04-26,195351,2357,26384,415,3230.9809999999998,38.983000000000004,436.375,6.864,,,,,
